Name	arraylength	comparision	time			
quicksortaveragecomp	100	653	459	0,028167947	6,53	4,59
quicksortaveragecomp	200	1566	1038	0,023870252	7,83	5,19
quicksortaveragecomp	300	2589	1658	0,06016929	8,63	5,526666667
quicksortaveragecomp	400	3647	2309	0,060287632	9,1175	5,7725
quicksortaveragecomp	500	4801	3033	0,070588477	9,602	6,066
quicksortaveragecomp	600	5988	3697	0,0514639	9,98	6,161666667
quicksortaveragecomp	700	7178	4413	0,097449686	10,25428571	6,304285714
quicksortaveragecomp	800	8470	5175	0,240735242	10,5875	6,46875
quicksortaveragecomp	900	9724	5853	0,610912711	10,80444444	6,503333333
quicksortaveragecomp	1000	11030	6655	0,331219721	11,03	6,655
quicksortaveragecomp	1100	12312	7292	0,251790691	11,19272727	6,629090909
quicksortaveragecomp	1200	13668	8066	0,319806973	11,39	6,721666667
quicksortaveragecomp	1300	14929	8817	0,412505303	11,48384615	6,782307692
quicksortaveragecomp	1400	16368	9590	0,309642656	11,69142857	6,85
quicksortaveragecomp	1500	17769	10360	0,201167062	11,846	6,906666667
quicksortaveragecomp	1600	19173	11164	0,21272716	11,983125	6,9775
quicksortaveragecomp	1700	20607	11945	0,956634242	12,12176471	7,026470588
quicksortaveragecomp	1800	22067	12722	1,138083063	12,25944444	7,067777778
quicksortaveragecomp	1900	23543	13549	1,02751513	12,39105263	7,131052632
quicksortaveragecomp	2000	24936	14307	0,468547042	12,468	7,1535
quicksortaveragecomp	2100	26456	15094	0,510450478	12,59809524	7,187619048
quicksortaveragecomp	2200	27965	15939	0,634692217	12,71136364	7,245
quicksortaveragecomp	2300	29410	16705	0,618530096	12,78695652	7,263043478
quicksortaveragecomp	2400	30888	17509	0,604320156	12,87	7,295416667
quicksortaveragecomp	2500	32242	18215	0,59636139	12,8968	7,286
quicksortaveragecomp	2600	33963	18916	0,608694585	13,06269231	7,275384615
quicksortaveragecomp	2700	35472	19810	0,757775699	13,13777778	7,337037037
quicksortaveragecomp	2800	36941	20607	0,724588237	13,19321429	7,359642857
quicksortaveragecomp	2900	38774	21465	0,847191842	13,37034483	7,401724138
quicksortaveragecomp	3000	40326	22309	0,671013143	13,442	7,436333333
quicksortaveragecomp	3100	41885	23154	0,551065943	13,51129032	7,469032258
quicksortaveragecomp	3200	43446	23914	0,479648044	13,576875	7,473125
quicksortaveragecomp	3300	45062	24685	0,825123236	13,65515152	7,48030303
quicksortaveragecomp	3400	46650	25520	0,636122127	13,72058824	7,505882353
quicksortaveragecomp	3500	48388	26549	0,603717387	13,82514286	7,585428571
quicksortaveragecomp	3600	49921	27218	0,688534615	13,86694444	7,560555556
quicksortaveragecomp	3700	51294	27798	0,83206564	13,86324324	7,512972973
quicksortaveragecomp	3800	53174	28791	1,009546214	13,99315789	7,576578947
quicksortaveragecomp	3900	54966	29708	1,463003218	14,09384615	7,617435897
quicksortaveragecomp	4000	56810	30600	1,434053344	14,2025	7,65
quicksortaveragecomp	4100	58560	31366	0,915257882	14,28292683	7,650243902
quicksortaveragecomp	4200	60007	32192	1,283449907	14,28738095	7,664761905
quicksortaveragecomp	4300	61870	32924	0,807116799	14,38837209	7,656744186
quicksortaveragecomp	4400	63576	33865	0,826454732	14,44909091	7,696590909
quicksortaveragecomp	4500	65458	34738	0,762803813	14,54622222	7,719555556
quicksortaveragecomp	4600	67010	35494	0,848418622	14,5673913	7,716086957
quicksortaveragecomp	4700	69221	36686	0,689808643	14,72787234	7,805531915
quicksortaveragecomp	4800	70604	37263	0,647099382	14,70916667	7,763125
quicksortaveragecomp	4900	72381	37936	0,677712939	14,77163265	7,742040816
quicksortaveragecomp	5000	74225	38894	1,826138421	14,845	7,7788
quicksortaveragecomp	5100	76158	39838	0,806307248	14,93294118	7,811372549
quicksortaveragecomp	5200	77630	40705	0,68347694	14,92884615	7,827884615
quicksortaveragecomp	5300	79521	41355	0,713467293	15,00396226	7,802830189
quicksortaveragecomp	5400	81342	42310	0,766046754	15,06333333	7,835185185
quicksortaveragecomp	5500	83099	43119	0,711719089	15,10890909	7,839818182
quicksortaveragecomp	5600	84859	43927	0,790338278	15,15339286	7,844107143
quicksortaveragecomp	5700	87134	44750	1,130029905	15,28666667	7,850877193
quicksortaveragecomp	5800	88815	45794	1,066689027	15,31293103	7,895517241
quicksortaveragecomp	5900	90664	46480	1,208916173	15,36677966	7,877966102
quicksortaveragecomp	6000	92638	47580	0,956895919	15,43966667	7,93
quicksortaveragecomp	6100	94245	47993	0,920276031	15,45	7,867704918
quicksortaveragecomp	6200	96520	48989	1,14828409	15,56774194	7,901451613
quicksortaveragecomp	6300	98199	49697	1,171485906	15,58714286	7,888412698
quicksortaveragecomp	6400	99999	50730	1,562433466	15,62484375	7,9265625
quicksortaveragecomp	6500	102249	51644	0,977983455	15,73061538	7,945230769
quicksortaveragecomp	6600	103946	52341	0,80665826	15,74939394	7,930454545
quicksortaveragecomp	6700	106159	53393	1,902521016	15,84462687	7,969104478
quicksortaveragecomp	6800	107824	53835	1,49686855	15,85647059	7,916911765
quicksortaveragecomp	6900	110136	54947	0,972949955	15,96173913	7,963333333
quicksortaveragecomp	7000	111819	55692	1,525287083	15,97414286	7,956
quicksortaveragecomp	7100	114031	56902	1,922079969	16,06070423	8,014366197
quicksortaveragecomp	7200	116068	57261	1,174251831	16,12055556	7,952916667
quicksortaveragecomp	7300	117896	58138	0,879947562	16,15013699	7,964109589
quicksortaveragecomp	7400	120540	59217	1,738985319	16,28918919	8,002297297
quicksortaveragecomp	7500	122316	60182	1,340236584	16,3088	8,024266667
quicksortaveragecomp	7600	124125	60668	2,029842187	16,33223684	7,982631579
quicksortaveragecomp	7700	125999	61467	1,717790538	16,36350649	7,982727273
quicksortaveragecomp	7800	128151	62440	2,148749147	16,42961538	8,005128205
quicksortaveragecomp	7900	130269	63735	2,746645967	16,48974684	8,067721519
quicksortaveragecomp	8000	132447	64229	2,615014946	16,555875	8,028625
quicksortaveragecomp	8100	135063	65135	2,877925137	16,67444444	8,041358025
quicksortaveragecomp	8200	136760	65925	1,163135815	16,67804878	8,039634146
quicksortaveragecomp	8300	138821	66892	2,471643772	16,72542169	8,059277108
quicksortaveragecomp	8400	140708	67502	1,120639811	16,75095238	8,035952381
quicksortaveragecomp	8500	142668	68384	2,568940704	16,78447059	8,045176471
quicksortaveragecomp	8600	145188	69435	1,827079072	16,88232558	8,073837209
quicksortaveragecomp	8700	146936	70204	1,318377083	16,8891954	8,069425287
quicksortaveragecomp	8800	149594	70857	3,040236306	16,99931818	8,051931818
quicksortaveragecomp	8900	151928	71780	1,966958416	17,0705618	8,065168539
quicksortaveragecomp	9000	153931	72683	1,38935212	17,10344444	8,075888889
quicksortaveragecomp	9100	156154	73719	2,247212046	17,15978022	8,100989011
quicksortaveragecomp	9200	157874	74280	1,353259585	17,16021739	8,073913043
quicksortaveragecomp	9300	161046	75514	1,381521928	17,31677419	8,119784946
quicksortaveragecomp	9400	162732	75843	2,510366871	17,31191489	8,068404255
quicksortaveragecomp	9500	165394	77070	1,918847269	17,40989474	8,112631579
quicksortaveragecomp	9600	166861	77836	1,826804591	17,38135417	8,107916667
quicksortaveragecomp	9700	169845	78438	1,649353589	17,50979381	8,086391753
quicksortaveragecomp	9800	172080	79697	1,989154726	17,55918367	8,132346939
quicksortaveragecomp	9900	174528	80567	2,150096857	17,62909091	8,138080808
quicksortaveragecomp	10000	176610	81073	1,94824967	17,661	8,1073
modifiedquicksortaveragecomp	100	725	224	0,008149592	7,25	2,24
modifiedquicksortaveragecomp	200	1747	591	0,03000116	8,735	2,955
modifiedquicksortaveragecomp	300	2830	987	0,042592671	9,433333333	3,29
modifiedquicksortaveragecomp	400	3975	1418	0,042493103	9,9375	3,545
modifiedquicksortaveragecomp	500	5200	1940	0,043526763	10,4	3,88
modifiedquicksortaveragecomp	600	6414	2392	0,063343691	10,69	3,986666667
modifiedquicksortaveragecomp	700	7704	2901	0,037941405	11,00571429	4,144285714
modifiedquicksortaveragecomp	800	9009	3471	0,135579975	11,26125	4,33875
modifiedquicksortaveragecomp	900	10324	3957	0,164346925	11,47111111	4,396666667
modifiedquicksortaveragecomp	1000	11645	4541	0,314036486	11,645	4,541
modifiedquicksortaveragecomp	1100	12983	5016	0,154870389	11,80272727	4,56
modifiedquicksortaveragecomp	1200	14348	5593	0,223191291	11,95666667	4,660833333
modifiedquicksortaveragecomp	1300	15720	6191	0,269354586	12,09230769	4,762307692
modifiedquicksortaveragecomp	1400	17268	6795	0,207753375	12,33428571	4,853571429
modifiedquicksortaveragecomp	1500	18582	7327	0,133993636	12,388	4,884666667
modifiedquicksortaveragecomp	1600	19951	7911	0,150598897	12,469375	4,944375
modifiedquicksortaveragecomp	1700	21381	8501	0,44334787	12,57705882	5,000588235
modifiedquicksortaveragecomp	1800	22794	9093	0,624166368	12,66333333	5,051666667
modifiedquicksortaveragecomp	1900	24281	9716	0,646923875	12,77947368	5,113684211
modifiedquicksortaveragecomp	2000	25660	10272	0,341186336	12,83	5,136
modifiedquicksortaveragecomp	2100	27156	10876	0,342223136	12,93142857	5,179047619
modifiedquicksortaveragecomp	2200	28559	11474	0,451432611	12,98136364	5,215454545
modifiedquicksortaveragecomp	2300	30121	12104	0,390272563	13,09608696	5,262608696
modifiedquicksortaveragecomp	2400	31554	12732	0,393615092	13,1475	5,305
modifiedquicksortaveragecomp	2500	33008	13413	0,590494733	13,2032	5,3652
modifiedquicksortaveragecomp	2600	34548	13998	0,428571265	13,28769231	5,383846154
modifiedquicksortaveragecomp	2700	35932	14554	0,545573879	13,30814815	5,39037037
modifiedquicksortaveragecomp	2800	37418	15159	0,444653417	13,36357143	5,413928571
modifiedquicksortaveragecomp	2900	38972	15756	0,550433919	13,43862069	5,433103448
modifiedquicksortaveragecomp	3000	40333	16460	0,450904097	13,44433333	5,486666667
modifiedquicksortaveragecomp	3100	41820	17016	0,385701598	13,49032258	5,489032258
modifiedquicksortaveragecomp	3200	43553	17982	0,347505292	13,6103125	5,619375
modifiedquicksortaveragecomp	3300	44922	18388	0,596126422	13,61272727	5,572121212
modifiedquicksortaveragecomp	3400	46353	19033	0,444071497	13,63323529	5,597941176
modifiedquicksortaveragecomp	3500	47941	19748	0,419930115	13,69742857	5,642285714
modifiedquicksortaveragecomp	3600	49340	20278	0,499375364	13,70555556	5,632777778
modifiedquicksortaveragecomp	3700	50970	21023	0,654068268	13,77567568	5,681891892
modifiedquicksortaveragecomp	3800	52658	21679	0,852039885	13,85736842	5,705
modifiedquicksortaveragecomp	3900	53921	22187	1,1210278	13,82589744	5,688974359
modifiedquicksortaveragecomp	4000	55424	22942	1,082621032	13,856	5,7355
modifiedquicksortaveragecomp	4100	57063	23735	0,642092605	13,91780488	5,78902439
modifiedquicksortaveragecomp	4200	58375	24259	0,974944448	13,89880952	5,775952381
modifiedquicksortaveragecomp	4300	59951	24812	0,581006255	13,94209302	5,770232558
modifiedquicksortaveragecomp	4400	61502	25572	0,596620794	13,97772727	5,811818182
modifiedquicksortaveragecomp	4500	63331	26409	0,551363193	14,07355556	5,868666667
modifiedquicksortaveragecomp	4600	64620	26905	0,709338296	14,04782609	5,848913043
modifiedquicksortaveragecomp	4700	66060	27605	0,517006339	14,05531915	5,873404255
modifiedquicksortaveragecomp	4800	67644	28161	0,433359302	14,0925	5,866875
modifiedquicksortaveragecomp	4900	69128	28880	0,417517207	14,1077551	5,893877551
modifiedquicksortaveragecomp	5000	70772	29637	1,242990864	14,1544	5,9274
modifiedquicksortaveragecomp	5100	72056	30376	0,574640971	14,12862745	5,956078431
modifiedquicksortaveragecomp	5200	73950	31092	0,471219377	14,22115385	5,979230769
modifiedquicksortaveragecomp	5300	75408	31427	0,476650278	14,22792453	5,929622642
modifiedquicksortaveragecomp	5400	76831	32446	0,536623018	14,22796296	6,008518519
modifiedquicksortaveragecomp	5500	78492	33057	0,513137298	14,27127273	6,010363636
modifiedquicksortaveragecomp	5600	80105	33702	0,547993378	14,30446429	6,018214286
modifiedquicksortaveragecomp	5700	81684	34370	0,762844241	14,33052632	6,029824561
modifiedquicksortaveragecomp	5800	82836	35098	0,814370126	14,28206897	6,05137931
modifiedquicksortaveragecomp	5900	84477	35439	0,934112524	14,31813559	6,006610169
modifiedquicksortaveragecomp	6000	85905	36519	0,651598449	14,3175	6,0865
modifiedquicksortaveragecomp	6100	87601	37074	0,727398229	14,36081967	6,077704918
modifiedquicksortaveragecomp	6200	89385	37895	0,768723978	14,41693548	6,112096774
modifiedquicksortaveragecomp	6300	90650	38240	0,919863589	14,38888889	6,06984127
modifiedquicksortaveragecomp	6400	92304	39117	1,125500395	14,4225	6,11203125
modifiedquicksortaveragecomp	6500	93851	39972	0,677925154	14,43861538	6,149538462
modifiedquicksortaveragecomp	6600	95817	40683	0,609818431	14,51772727	6,164090909
modifiedquicksortaveragecomp	6700	96809	41112	1,27117559	14,44910448	6,136119403
modifiedquicksortaveragecomp	6800	98609	41906	1,152836332	14,50132353	6,162647059
modifiedquicksortaveragecomp	6900	99838	42566	0,660713729	14,46927536	6,168985507
modifiedquicksortaveragecomp	7000	101691	43371	0,996189866	14,52728571	6,195857143
modifiedquicksortaveragecomp	7100	103058	43833	1,454947778	14,51521127	6,173661972
modifiedquicksortaveragecomp	7200	104644	44531	0,773008844	14,53388889	6,184861111
modifiedquicksortaveragecomp	7300	106338	45531	0,6329645	14,56684932	6,237123288
modifiedquicksortaveragecomp	7400	107547	45951	1,433590024	14,53337838	6,209594595
modifiedquicksortaveragecomp	7500	109504	46677	0,9398068	14,60053333	6,2236
modifiedquicksortaveragecomp	7600	110861	47428	1,458044238	14,58697368	6,240526316
modifiedquicksortaveragecomp	7700	112361	48136	1,137293766	14,59233766	6,251428571
modifiedquicksortaveragecomp	7800	113731	48702	1,525518068	14,58089744	6,243846154
modifiedquicksortaveragecomp	7900	115677	49659	1,982135782	14,64265823	6,285949367
modifiedquicksortaveragecomp	8000	117430	50293	1,882966042	14,67875	6,286625
modifiedquicksortaveragecomp	8100	118356	50795	1,977016637	14,61185185	6,270987654
modifiedquicksortaveragecomp	8200	120090	51525	0,776428711	14,64512195	6,283536585
modifiedquicksortaveragecomp	8300	121641	52352	1,742920052	14,65554217	6,30746988
modifiedquicksortaveragecomp	8400	122864	52789	0,854291845	14,62666667	6,284404762
modifiedquicksortaveragecomp	8500	124877	53908	1,904337761	14,69141176	6,342117647
modifiedquicksortaveragecomp	8600	126360	54260	1,287688416	14,69302326	6,309302326
modifiedquicksortaveragecomp	8700	127513	54740	0,911073965	14,65666667	6,291954023
modifiedquicksortaveragecomp	8800	129103	55761	1,978873504	14,67079545	6,336477273
modifiedquicksortaveragecomp	8900	131219	56594	1,395007985	14,74370787	6,358876404
modifiedquicksortaveragecomp	9000	132406	57075	0,942682838	14,71177778	6,341666667
modifiedquicksortaveragecomp	9100	133874	58054	1,609245567	14,71142857	6,37956044
modifiedquicksortaveragecomp	9200	135357	58639	0,960377786	14,71271739	6,373804348
modifiedquicksortaveragecomp	9300	137233	59399	0,997866952	14,75623656	6,386989247
modifiedquicksortaveragecomp	9400	138728	60140	1,781378856	14,75829787	6,39787234
modifiedquicksortaveragecomp	9500	140295	60623	1,248770198	14,76789474	6,381368421
modifiedquicksortaveragecomp	9600	141735	61704	1,246711104	14,7640625	6,4275
modifiedquicksortaveragecomp	9700	143606	62185	1,155015764	14,80474227	6,410824742
modifiedquicksortaveragecomp	9800	144785	62988	1,425277147	14,77397959	6,427346939
modifiedquicksortaveragecomp	9900	146395	63786	1,432129934	14,78737374	6,443030303
modifiedquicksortaveragecomp	10000	147812	64501	1,329355201	14,7812	6,4501
heapsortaveragecomp	100	1028	578	0,009277428	10,28	5,78
heapsortaveragecomp	200	2450	1360	0,027811242	12,25	6,8
heapsortaveragecomp	300	4050	2230	0,05502571	13,5	7,433333333
heapsortaveragecomp	400	5687	3107	0,064692798	14,2175	7,7675
heapsortaveragecomp	500	7411	4033	0,062247181	14,822	8,066
heapsortaveragecomp	600	9240	5021	0,051168355	15,4	8,368333333
heapsortaveragecomp	700	11106	6005	0,060311519	15,86571429	8,578571429
heapsortaveragecomp	800	13019	7030	0,255704384	16,27375	8,7875
heapsortaveragecomp	900	14900	8026	0,448792384	16,55555556	8,917777778
heapsortaveragecomp	1000	16889	9119	0,326808261	16,889	9,119
heapsortaveragecomp	1100	18845	10136	0,23154997	17,13181818	9,214545455
heapsortaveragecomp	1200	20878	11219	0,315676846	17,39833333	9,349166667
heapsortaveragecomp	1300	22971	12338	0,444437845	17,67	9,490769231
heapsortaveragecomp	1400	25038	13420	0,302561109	17,88428571	9,585714286
heapsortaveragecomp	1500	27119	14533	0,198916261	18,07933333	9,688666667
heapsortaveragecomp	1600	29192	15642	0,215844968	18,245	9,77625
heapsortaveragecomp	1700	31342	16765	0,673468782	18,43647059	9,861764706
heapsortaveragecomp	1800	33444	17860	0,926629081	18,58	9,922222222
heapsortaveragecomp	1900	35666	19094	0,955935358	18,77157895	10,04947368
heapsortaveragecomp	2000	37677	20140	0,473564336	18,8385	10,07
heapsortaveragecomp	2100	39908	21332	0,513337873	19,00380952	10,15809524
heapsortaveragecomp	2200	42039	22412	0,624991245	19,10863636	10,18727273
heapsortaveragecomp	2300	44374	23693	0,672121922	19,29304348	10,30130435
heapsortaveragecomp	2400	46552	24793	0,60949048	19,39666667	10,33041667
heapsortaveragecomp	2500	48822	26041	0,623024299	19,5288	10,4164
heapsortaveragecomp	2600	51140	27255	0,662638565	19,66923077	10,48269231
heapsortaveragecomp	2700	53368	28455	1,006912839	19,76592593	10,53888889
heapsortaveragecomp	2800	55669	29647	0,756746607	19,88178571	10,58821429
heapsortaveragecomp	2900	57898	30834	0,927275615	19,96482759	10,63241379
heapsortaveragecomp	3000	60244	32076	0,678434583	20,08133333	10,692
heapsortaveragecomp	3100	62555	33270	0,591859491	20,17903226	10,73225806
heapsortaveragecomp	3200	64913	34591	0,523129852	20,2853125	10,8096875
heapsortaveragecomp	3300	67135	35715	0,85935522	20,34393939	10,82272727
heapsortaveragecomp	3400	69415	36947	0,66201504	20,41617647	10,86676471
heapsortaveragecomp	3500	71815	38193	0,641682418	20,51857143	10,91228571
heapsortaveragecomp	3600	74024	39393	0,9011739	20,56222222	10,9425
heapsortaveragecomp	3700	76400	40506	0,940121677	20,64864865	10,94756757
heapsortaveragecomp	3800	78653	41796	1,291168006	20,69815789	10,99894737
heapsortaveragecomp	3900	81077	43054	1,865684965	20,78897436	11,03948718
heapsortaveragecomp	4000	83395	44225	1,641434694	20,84875	11,05625
heapsortaveragecomp	4100	85867	45633	1,205744623	20,94317073	11,13
heapsortaveragecomp	4200	88163	46745	1,586606393	20,99119048	11,1297619
heapsortaveragecomp	4300	90571	48065	0,87048125	21,06302326	11,17790698
heapsortaveragecomp	4400	92920	49318	0,931927695	21,11818182	11,20863636
heapsortaveragecomp	4500	95367	50594	0,924876622	21,19266667	11,24311111
heapsortaveragecomp	4600	97770	51828	1,136889545	21,25434783	11,26695652
heapsortaveragecomp	4700	100380	53274	0,75745259	21,35744681	11,33489362
heapsortaveragecomp	4800	102828	54477	0,794194241	21,4225	11,349375
heapsortaveragecomp	4900	105182	55758	0,73341022	21,46571429	11,37918367
heapsortaveragecomp	5000	107664	57028	1,951125117	21,5328	11,4056
heapsortaveragecomp	5100	110155	58445	0,970948897	21,59901961	11,45980392
heapsortaveragecomp	5200	112692	59737	0,743135946	21,67153846	11,48788462
heapsortaveragecomp	5300	115014	60919	0,78875253	21,70075472	11,49415094
heapsortaveragecomp	5400	117601	62237	0,843924693	21,77796296	11,52537037
heapsortaveragecomp	5500	120010	63553	0,817999329	21,82	11,55509091
heapsortaveragecomp	5600	122484	64901	0,913380252	21,87214286	11,58946429
heapsortaveragecomp	5700	125028	66242	1,252898065	21,93473684	11,62140351
heapsortaveragecomp	5800	127528	67535	1,300561764	21,98758621	11,64396552
heapsortaveragecomp	5900	130101	68820	1,367352081	22,05101695	11,66440678
heapsortaveragecomp	6000	132461	70174	1,11273939	22,07683333	11,69566667
heapsortaveragecomp	6100	134955	71468	1,109358513	22,12377049	11,71606557
heapsortaveragecomp	6200	137474	72758	1,197273307	22,17322581	11,73516129
heapsortaveragecomp	6300	139916	74043	1,503351887	22,20888889	11,75285714
heapsortaveragecomp	6400	142512	75451	1,682333181	22,2675	11,78921875
heapsortaveragecomp	6500	145056	76762	1,109719753	22,31630769	11,80953846
heapsortaveragecomp	6600	147594	78089	0,948687151	22,36272727	11,83166667
heapsortaveragecomp	6700	149984	79341	2,301215455	22,38567164	11,8419403
heapsortaveragecomp	6800	152528	80690	1,84244702	22,43058824	11,86617647
heapsortaveragecomp	6900	154914	81895	1,100974812	22,45130435	11,86884058
heapsortaveragecomp	7000	157550	83356	1,631009811	22,50714286	11,908
heapsortaveragecomp	7100	160167	84683	2,151311726	22,55873239	11,9271831
heapsortaveragecomp	7200	162524	85888	1,331870825	22,57277778	11,92888889
heapsortaveragecomp	7300	165143	87253	1,006232454	22,62232877	11,95246575
heapsortaveragecomp	7400	167537	88570	1,989651935	22,64013514	11,96891892
heapsortaveragecomp	7500	170232	89981	1,486217259	22,6976	11,99746667
heapsortaveragecomp	7600	172672	91253	2,425079422	22,72	12,00697368
heapsortaveragecomp	7700	175149	92485	2,105358343	22,74662338	12,01103896
heapsortaveragecomp	7800	177686	93911	2,810255062	22,78025641	12,03987179
heapsortaveragecomp	7900	180364	95313	3,423335802	22,83088608	12,06493671
heapsortaveragecomp	8000	182824	96544	3,232625435	22,853	12,068
heapsortaveragecomp	8100	185219	97825	3,252768061	22,86654321	12,07716049
heapsortaveragecomp	8200	187905	99267	1,349767183	22,9152439	12,10573171
heapsortaveragecomp	8300	190456	100590	2,912505859	22,94650602	12,11927711
heapsortaveragecomp	8400	192990	101894	1,297603559	22,975	12,1302381
heapsortaveragecomp	8500	195658	103329	3,084374913	23,01858824	12,15635294
heapsortaveragecomp	8600	198123	104498	2,137643334	23,03755814	12,15093023
heapsortaveragecomp	8700	200893	106104	1,58847405	23,09114943	12,19586207
heapsortaveragecomp	8800	203550	107438	3,553537193	23,13068182	12,20886364
heapsortaveragecomp	8900	206209	108900	2,316983878	23,16955056	12,23595506
heapsortaveragecomp	9000	208656	110081	1,633887242	23,184	12,23122222
heapsortaveragecomp	9100	211570	111677	2,783752569	23,24945055	12,2721978
heapsortaveragecomp	9200	214048	113081	1,599483142	23,26608696	12,29141304
heapsortaveragecomp	9300	216850	114516	1,721301724	23,3172043	12,31354839
heapsortaveragecomp	9400	219422	115844	3,042664316	23,34276596	12,32382979
heapsortaveragecomp	9500	222216	117244	2,154371481	23,39115789	12,34147368
heapsortaveragecomp	9600	224781	118670	2,071821555	23,4146875	12,36145833
heapsortaveragecomp	9700	227495	120016	2,180866589	23,45309278	12,37278351
heapsortaveragecomp	9800	230047	121386	2,372191903	23,47418367	12,38632653
heapsortaveragecomp	9900	232838	122845	2,444153655	23,5189899	12,40858586
heapsortaveragecomp	10000	235337	124149	2,332353814	23,5337	12,4149
insertionsortaveragecomp	100	2667	0	0,014510354	26,67	0
insertionsortaveragecomp	200	9921	0	0,020309283	49,605	0
insertionsortaveragecomp	300	21751	0	0,045688818	72,50333333	0
insertionsortaveragecomp	400	39462	0	0,04757268	98,655	0
insertionsortaveragecomp	500	63184	0	0,093841206	126,368	0
insertionsortaveragecomp	600	86415	0	0,064726406	144,025	0
insertionsortaveragecomp	700	121567	0	0,083438818	173,6671429	0
insertionsortaveragecomp	800	155867	0	0,517302471	194,83375	0
insertionsortaveragecomp	900	206664	0	0,867051996	229,6266667	0
insertionsortaveragecomp	1000	245716	0	0,705501727	245,716	0
insertionsortaveragecomp	1100	290229	0	0,543858698	263,8445455	0
insertionsortaveragecomp	1200	362220	0	0,811368385	301,85	0
insertionsortaveragecomp	1300	420237	0	0,890374418	323,2592308	0
insertionsortaveragecomp	1400	501084	0	0,911311477	357,9171429	0
insertionsortaveragecomp	1500	563958	0	0,612358241	375,972	0
insertionsortaveragecomp	1600	661618	0	0,685474028	413,51125	0
insertionsortaveragecomp	1700	715560	0	2,408425523	420,9176471	0
insertionsortaveragecomp	1800	821403	0	3,519239786	456,335	0
insertionsortaveragecomp	1900	917199	0	4,498014325	482,7363158	0
insertionsortaveragecomp	2000	1006301	0	2,107870846	503,1505	0
insertionsortaveragecomp	2100	1090307	0	2,10696804	519,1938095	0
insertionsortaveragecomp	2200	1202634	0	2,374806229	546,6518182	0
insertionsortaveragecomp	2300	1308056	0	2,426565102	568,72	0
insertionsortaveragecomp	2400	1448520	0	2,850297676	603,55	0
insertionsortaveragecomp	2500	1571841	0	3,122424423	628,7364	0
insertionsortaveragecomp	2600	1694912	0	3,077071245	651,8892308	0
insertionsortaveragecomp	2700	1777913	0	4,036367602	658,4862963	0
insertionsortaveragecomp	2800	1951711	0	3,871037898	697,0396429	0
insertionsortaveragecomp	2900	2071981	0	4,753339239	714,4762069	0
insertionsortaveragecomp	3000	2223521	0	3,758445851	741,1736667	0
insertionsortaveragecomp	3100	2395307	0	3,261129874	772,6796774	0
insertionsortaveragecomp	3200	2524877	0	2,801332911	789,0240625	0
insertionsortaveragecomp	3300	2709891	0	4,985933669	821,1790909	0
insertionsortaveragecomp	3400	2895855	0	4,179256065	851,7220588	0
insertionsortaveragecomp	3500	3094780	0	4,089831967	884,2228571	0
insertionsortaveragecomp	3600	3194720	0	5,115338935	887,4222222	0
insertionsortaveragecomp	3700	3514799	0	6,677290556	949,9456757	0
insertionsortaveragecomp	3800	3596771	0	7,954325405	946,5186842	0
insertionsortaveragecomp	3900	3847337	0	12,67056203	986,4966667	0
insertionsortaveragecomp	4000	4095421	0	11,33418477	1023,85525	0
insertionsortaveragecomp	4100	4209044	0	7,576613303	1026,596098	0
insertionsortaveragecomp	4200	4456985	0	10,82731146	1061,186905	0
insertionsortaveragecomp	4300	4643280	0	6,600886593	1079,832558	0
insertionsortaveragecomp	4400	4911276	0	7,244897516	1116,199091	0
insertionsortaveragecomp	4500	4974706	0	6,982637256	1105,490222	0
insertionsortaveragecomp	4600	5275218	0	8,091677728	1146,786522	0
insertionsortaveragecomp	4700	5499712	0	6,186605254	1170,151489	0
insertionsortaveragecomp	4800	5722577	0	5,981933541	1192,203542	0
insertionsortaveragecomp	4900	5957854	0	6,083013272	1215,888571	0
insertionsortaveragecomp	5000	6276997	0	16,68653439	1255,3994	0
insertionsortaveragecomp	5100	6361708	0	7,616214746	1247,393725	0
insertionsortaveragecomp	5200	6789939	0	6,621378811	1305,7575	0
insertionsortaveragecomp	5300	7000756	0	6,729776194	1320,897358	0
insertionsortaveragecomp	5400	7336648	0	8,043513675	1358,638519	0
insertionsortaveragecomp	5500	7620910	0	7,588125875	1385,62	0
insertionsortaveragecomp	5600	7902535	0	8,478290959	1411,166964	0
insertionsortaveragecomp	5700	8095868	0	11,56298754	1420,327719	0
insertionsortaveragecomp	5800	8365653	0	12,82005246	1442,353966	0
insertionsortaveragecomp	5900	8686345	0	13,30156472	1472,261864	0
insertionsortaveragecomp	6000	8996315	0	10,64771037	1499,385833	0
insertionsortaveragecomp	6100	9434191	0	11,39133471	1546,588689	0
insertionsortaveragecomp	6200	9594266	0	13,13375868	1547,462258	0
insertionsortaveragecomp	6300	9921124	0	15,31032646	1574,781587	0
insertionsortaveragecomp	6400	1,02E+07	0	18,58176315	1591,737813	0
insertionsortaveragecomp	6500	1,04E+07	0	11,13205316	1603,616308	0
insertionsortaveragecomp	6600	1,07E+07	0	9,808069406	1615,943939	0
insertionsortaveragecomp	6700	1,13E+07	0	23,63570085	1692,080896	0
insertionsortaveragecomp	6800	1,15E+07	0	19,68467445	1686,656618	0
insertionsortaveragecomp	6900	1,21E+07	0	12,41364708	1750,70971	0
insertionsortaveragecomp	7000	1,22E+07	0	18,74406947	1738,047429	0
insertionsortaveragecomp	7100	1,25E+07	0	25,21480501	1763,265634	0
insertionsortaveragecomp	7200	1,28E+07	0	15,47579521	1779,285417	0
insertionsortaveragecomp	7300	1,33E+07	0	11,93437478	1820,637671	0
insertionsortaveragecomp	7400	1,37E+07	0	25,9465501	1850,208649	0
insertionsortaveragecomp	7500	1,41E+07	0	18,01591237	1882,428267	0
insertionsortaveragecomp	7600	1,46E+07	0	30,14279004	1915,396579	0
insertionsortaveragecomp	7700	1,49E+07	0	25,10387895	1932,978182	0
insertionsortaveragecomp	7800	1,54E+07	0	34,51028007	1968,015	0
insertionsortaveragecomp	7900	1,56E+07	0	42,21769357	1973,271899	0
insertionsortaveragecomp	8000	1,59E+07	0	40,27783529	1982,341375	0
insertionsortaveragecomp	8100	1,65E+07	0	41,93450277	2036,750494	0
insertionsortaveragecomp	8200	1,69E+07	0	17,69858802	2058,600488	0
insertionsortaveragecomp	8300	1,72E+07	0	37,3027642	2076,124699	0
insertionsortaveragecomp	8400	1,77E+07	0	17,80196523	2104,792024	0
insertionsortaveragecomp	8500	1,81E+07	0	40,91088938	2125,927765	0
insertionsortaveragecomp	8600	1,85E+07	0	30,32136602	2156,976395	0
insertionsortaveragecomp	8700	1,90E+07	0	21,57254633	2178,462299	0
insertionsortaveragecomp	8800	1,94E+07	0	52,43149961	2204,573182	0
insertionsortaveragecomp	8900	1,96E+07	0	32,90163611	2196,848315	0
insertionsortaveragecomp	9000	2,04E+07	0	23,89169365	2265,860889	0
insertionsortaveragecomp	9100	2,09E+07	0	38,78063816	2301,567033	0
insertionsortaveragecomp	9200	2,11E+07	0	23,7921482	2290,931304	0
insertionsortaveragecomp	9300	2,15E+07	0	25,10566982	2315,367849	0
insertionsortaveragecomp	9400	2,18E+07	0	46,07906577	2321,819787	0
insertionsortaveragecomp	9500	2,24E+07	0	33,12997726	2356,846947	0
insertionsortaveragecomp	9600	2,30E+07	0	32,8739034	2393,633125	0
insertionsortaveragecomp	9700	2,36E+07	0	31,83888976	2430,206701	0
insertionsortaveragecomp	9800	2,38E+07	0	36,92342537	2428,367959	0
insertionsortaveragecomp	9900	2,46E+07	0	39,23861696	2485,252323	0
insertionsortaveragecomp	10000	2,47E+07	0	36,67284186	2465,3789	0
selectsortaveragecomp	100	4950	99	0,022890078	49,5	0,99
selectsortaveragecomp	200	19900	199	0,05070899	99,5	0,995
selectsortaveragecomp	300	44850	299	0,108234385	149,5	0,996666667
selectsortaveragecomp	400	79800	399	0,153684259	199,5	0,9975
selectsortaveragecomp	500	124750	499	0,159043488	249,5	0,998
selectsortaveragecomp	600	179700	599	0,1932086	299,5	0,998333333
selectsortaveragecomp	700	244650	699	0,213860694	349,5	0,998571429
selectsortaveragecomp	800	319600	799	1,194594124	399,5	0,99875
selectsortaveragecomp	900	404550	899	1,974683911	449,5	0,998888889
selectsortaveragecomp	1000	499500	999	1,580220598	499,5	0,999
selectsortaveragecomp	1100	604450	1099	1,315227411	549,5	0,999090909
selectsortaveragecomp	1200	719400	1199	1,770395904	599,5	0,999166667
selectsortaveragecomp	1300	844350	1299	2,33332716	649,5	0,999230769
selectsortaveragecomp	1400	979300	1399	1,9734756	699,5	0,999285714
selectsortaveragecomp	1500	1124250	1499	1,350139225	749,5	0,999333333
selectsortaveragecomp	1600	1279200	1599	1,498205993	799,5	0,999375
selectsortaveragecomp	1700	1444150	1699	5,243808102	849,5	0,999411765
selectsortaveragecomp	1800	1619100	1799	8,434828204	899,5	0,999444444
selectsortaveragecomp	1900	1804050	1899	8,333184671	949,5	0,999473684
selectsortaveragecomp	2000	1999000	1999	4,615332377	999,5	0,9995
selectsortaveragecomp	2100	2203950	2099	4,235388824	1049,5	0,99952381
selectsortaveragecomp	2200	2418900	2199	5,63681872	1099,5	0,999545455
selectsortaveragecomp	2300	2643850	2299	5,615530365	1149,5	0,999565217
selectsortaveragecomp	2400	2878800	2399	6,165739277	1199,5	0,999583333
selectsortaveragecomp	2500	3123750	2499	6,607078659	1249,5	0,9996
selectsortaveragecomp	2600	3378700	2599	6,731601728	1299,5	0,999615385
selectsortaveragecomp	2700	3643650	2699	8,896497364	1349,5	0,99962963
selectsortaveragecomp	2800	3918600	2799	8,19259733	1399,5	0,999642857
selectsortaveragecomp	2900	4203550	2899	9,728507559	1449,5	0,999655172
selectsortaveragecomp	3000	4498500	2999	7,991612603	1499,5	0,999666667
selectsortaveragecomp	3100	4803450	3099	6,928169334	1549,5	0,999677419
selectsortaveragecomp	3200	5118400	3199	6,078994388	1599,5	0,9996875
selectsortaveragecomp	3300	5443350	3299	10,84266746	1649,5	0,99969697
selectsortaveragecomp	3400	5778300	3399	8,823724317	1699,5	0,999705882
selectsortaveragecomp	3500	6123250	3499	8,488943957	1749,5	0,999714286
selectsortaveragecomp	3600	6478200	3599	10,75508087	1799,5	0,999722222
selectsortaveragecomp	3700	6843150	3699	13,41708173	1849,5	0,99972973
selectsortaveragecomp	3800	7218100	3799	18,11173532	1899,5	0,999736842
selectsortaveragecomp	3900	7603050	3899	26,01553606	1949,5	0,99974359
selectsortaveragecomp	4000	7998000	3999	23,4154032	1999,5	0,99975
selectsortaveragecomp	4100	8402950	4099	16,02304736	2049,5	0,999756098
selectsortaveragecomp	4200	8817900	4199	23,61480189	2099,5	0,999761905
selectsortaveragecomp	4300	9242850	4299	13,79764908	2149,5	0,999767442
selectsortaveragecomp	4400	9677800	4399	15,15312617	2199,5	0,999772727
selectsortaveragecomp	4500	1,01E+07	4499	15,10487339	2249,5	0,999777778
selectsortaveragecomp	4600	1,06E+07	4599	16,95452678	2299,5	0,999782609
selectsortaveragecomp	4700	1,10E+07	4699	12,95140161	2349,5	0,999787234
selectsortaveragecomp	4800	1,15E+07	4799	12,42443542	2399,5	0,999791667
selectsortaveragecomp	4900	1,20E+07	4899	12,73818377	2449,5	0,999795918
selectsortaveragecomp	5000	1,25E+07	4999	33,68386689	2499,5	0,9998
selectsortaveragecomp	5100	1,30E+07	5099	16,67951177	2549,5	0,999803922
selectsortaveragecomp	5200	1,35E+07	5199	13,80161022	2599,5	0,999807692
selectsortaveragecomp	5300	1,40E+07	5299	14,30076346	2649,5	0,999811321
selectsortaveragecomp	5400	1,46E+07	5399	16,54093434	2699,5	0,999814815
selectsortaveragecomp	5500	1,51E+07	5499	15,73465921	2749,5	0,999818182
selectsortaveragecomp	5600	1,57E+07	5599	17,69319298	2799,5	0,999821429
selectsortaveragecomp	5700	1,62E+07	5699	24,53209809	2849,5	0,999824561
selectsortaveragecomp	5800	1,68E+07	5799	26,40360904	2899,5	0,999827586
selectsortaveragecomp	5900	1,74E+07	5899	28,0047141	2949,5	0,999830508
selectsortaveragecomp	6000	1,80E+07	5999	22,15983423	2999,5	0,999833333
selectsortaveragecomp	6100	1,86E+07	6099	23,35320924	3049,5	0,999836066
selectsortaveragecomp	6200	1,92E+07	6199	27,59181143	3099,5	0,99983871
selectsortaveragecomp	6300	1,98E+07	6299	31,64300936	3149,5	0,99984127
selectsortaveragecomp	6400	2,05E+07	6399	38,28678103	3199,5	0,99984375
selectsortaveragecomp	6500	2,11E+07	6499	23,61478712	3249,5	0,999846154
selectsortaveragecomp	6600	2,18E+07	6599	20,99308373	3299,5	0,999848485
selectsortaveragecomp	6700	2,24E+07	6699	49,69694421	3349,5	0,999850746
selectsortaveragecomp	6800	2,31E+07	6799	40,89049473	3399,5	0,999852941
selectsortaveragecomp	6900	2,38E+07	6899	25,29021541	3449,5	0,999855072
selectsortaveragecomp	7000	2,45E+07	6999	39,29937593	3499,5	0,999857143
selectsortaveragecomp	7100	2,52E+07	7099	53,42451225	3549,5	0,999859155
selectsortaveragecomp	7200	2,59E+07	7199	31,91531676	3599,5	0,999861111
selectsortaveragecomp	7300	2,66E+07	7299	24,6007572	3649,5	0,999863014
selectsortaveragecomp	7400	2,74E+07	7399	53,03764504	3699,5	0,999864865
selectsortaveragecomp	7500	2,81E+07	7499	36,92226002	3749,5	0,999866667
selectsortaveragecomp	7600	2,89E+07	7599	63,96520195	3799,5	0,999868421
selectsortaveragecomp	7700	2,96E+07	7699	51,9164426	3849,5	0,99987013
selectsortaveragecomp	7800	3,04E+07	7799	71,19633493	3899,5	0,999871795
selectsortaveragecomp	7900	3,12E+07	7899	87,68062283	3949,5	0,999873418
selectsortaveragecomp	8000	3,20E+07	7999	85,62912337	3999,5	0,999875
selectsortaveragecomp	8100	3,28E+07	8099	84,8421011	4049,5	0,999876543
selectsortaveragecomp	8200	3,36E+07	8199	36,88190595	4099,5	0,999878049
selectsortaveragecomp	8300	3,44E+07	8299	78,402366	4149,5	0,999879518
selectsortaveragecomp	8400	3,53E+07	8399	36,69089381	4199,5	0,999880952
selectsortaveragecomp	8500	3,61E+07	8499	84,83360252	4249,5	0,999882353
selectsortaveragecomp	8600	3,70E+07	8599	62,39959611	4299,5	0,999883721
selectsortaveragecomp	8700	3,78E+07	8699	44,59239511	4349,5	0,999885057
selectsortaveragecomp	8800	3,87E+07	8799	107,5106652	4399,5	0,999886364
selectsortaveragecomp	8900	3,96E+07	8899	68,90175504	4449,5	0,99988764
selectsortaveragecomp	9000	4,05E+07	8999	48,28701027	4499,5	0,999888889
selectsortaveragecomp	9100	4,14E+07	9099	79,59353827	4549,5	0,99989011
selectsortaveragecomp	9200	4,23E+07	9199	49,93702523	4599,5	0,999891304
selectsortaveragecomp	9300	4,32E+07	9299	52,72061675	4649,5	0,999892473
selectsortaveragecomp	9400	4,42E+07	9399	96,66999456	4699,5	0,999893617
selectsortaveragecomp	9500	4,51E+07	9499	68,80821985	4749,5	0,999894737
selectsortaveragecomp	9600	4,61E+07	9599	67,51233495	4799,5	0,999895833
selectsortaveragecomp	9700	4,70E+07	9699	65,36710319	4849,5	0,999896907
selectsortaveragecomp	9800	4,80E+07	9799	77,86495821	4899,5	0,999897959
selectsortaveragecomp	9900	4,90E+07	9899	80,68214972	4949,5	0,99989899
selectsortaveragecomp	10000	5,00E+07	9999	75,30849065	4999,5	0,9999
